0 0.129106 0.582795 0.146491 0.123243
0 0.156940 0.677455 0.121083 0.126896
0 0.325861 0.588267 0.131352 0.121215
0 0.263968 0.688403 0.115676 0.133375
0 0.058481 0.686785 0.113000 0.119444
0 0.095755 0.767264 0.107824 0.084667
0 0.192000 0.769708 0.106370 0.099319
0 0.293671 0.775406 0.099861 0.094438
0 0.404384 0.776521 0.130250 0.107514
0 0.521264 0.788431 0.107843 0.106375
0 0.368926 0.689115 0.115778 0.138937
0 0.472769 0.716792 0.103481 0.113972
0 0.582403 0.720590 0.118676 0.108542
0 0.635574 0.796844 0.117926 0.103660
0 0.774523 0.810413 0.117954 0.086299
0 0.714463 0.726021 0.133870 0.120486
0 0.898991 0.807458 0.133870 0.107514
0 0.903694 0.620458 0.159204 0.147083
0 0.841102 0.728191 0.112167 0.131340
0 0.474231 0.498642 0.101315 0.085840
0 0.436093 0.599337 0.097593 0.113174
0 0.540824 0.618483 0.106611 0.141326
0 0.650245 0.643962 0.109991 0.126965
0 0.765917 0.635819 0.124463 0.134597
0 0.687347 0.546899 0.127176 0.131146
0 0.595370 0.484413 0.112574 0.073479
0 0.796991 0.437122 0.100148 0.099979
0 0.899940 0.444188 0.090380 0.089514
0 0.220602 0.462715 0.127537 0.059569
0 0.326884 0.443094 0.083157 0.074979
