0 0.714764 0.743674 0.193194 0.106028
0 0.306981 0.857906 0.214333 0.192785
0 0.435148 0.936149 0.223019 0.127701
0 0.585407 0.873389 0.270111 0.192250
0 0.799000 0.849219 0.151333 0.131965
0 0.410292 0.680337 0.156602 0.124118
0 0.573667 0.689278 0.151463 0.127972
0 0.805764 0.631076 0.127620 0.085903
0 0.562218 0.563236 0.112657 0.060306
0 0.384579 0.569021 0.137898 0.076083
0 0.192912 0.598122 0.154731 0.071174
0 0.233352 0.673674 0.161741 0.073625
0 0.098426 0.732573 0.196852 0.114299
0 0.098491 0.639142 0.157537 0.076785
0 0.731787 0.552222 0.090204 0.093847
0 0.205056 0.521872 0.164889 0.084229
0 0.421218 0.506094 0.134472 0.061132
