0 0.418385 0.531197 0.178917 0.272820
0 0.368433 0.779775 0.190851 0.340382
0 0.545488 0.816579 0.193085 0.362034
0 0.785160 0.836067 0.262408 0.321326
0 0.174981 0.781073 0.196054 0.278888
0 0.740430 0.559787 0.186373 0.279753
0 0.575682 0.547225 0.169971 0.284090
0 0.275247 0.500022 0.137166 0.300539
0 0.140687 0.489191 0.136422 0.268494
0 0.597297 0.309910 0.137166 0.254629
0 0.438138 0.289989 0.172215 0.251169
0 0.301339 0.277865 0.147611 0.213056
0 0.165290 0.293017 0.122998 0.187944
0 0.051896 0.276567 0.103791 0.186213
0 0.859710 0.275697 0.156557 0.182742
