0 0.185240 0.882847 0.081740 0.155373
0 0.130545 0.641127 0.113190 0.154147
0 0.245345 0.668587 0.097010 0.131573
0 0.337105 0.656760 0.084890 0.168160
0 0.432100 0.665920 0.093780 0.162773
0 0.527495 0.676693 0.097010 0.145520
0 0.639865 0.677773 0.111570 0.160613
0 0.790235 0.689633 0.108330 0.164920
0 0.932710 0.699333 0.134580 0.177867
0 0.854510 0.402900 0.128540 0.141213
0 0.745775 0.396433 0.118030 0.149827
0 0.610760 0.383500 0.126120 0.164920
0 0.417540 0.391053 0.124500 0.145520
0 0.272425 0.386733 0.117230 0.141200
0 0.170565 0.392667 0.101050 0.153067
0 0.071125 0.388347 0.096210 0.137973
0 0.370250 0.098933 0.102680 0.132587
0 0.476965 0.095693 0.105910 0.121813
0 0.596210 0.098933 0.118040 0.132587
0 0.092630 0.882260 0.096520 0.184360
0 0.264810 0.907193 0.070440 0.153053
0 0.337420 0.912413 0.074780 0.156533
0 0.433515 0.921133 0.101750 0.157733
0 0.534390 0.918233 0.108700 0.163533
0 0.640475 0.918233 0.089570 0.163533
0 0.742220 0.924607 0.105220 0.150787
0 0.932635 0.942000 0.134730 0.116000
