0 0.260979 0.434281 0.150903 0.126125
0 0.155188 0.891036 0.219514 0.213344
0 0.258764 0.710734 0.228806 0.179719
0 0.382444 0.866687 0.238083 0.222625
0 0.487569 0.685224 0.176250 0.186677
0 0.591153 0.803495 0.182417 0.170448
0 0.669222 0.631312 0.177778 0.148417
0 0.744201 0.763490 0.182431 0.150729
0 0.904208 0.749000 0.162333 0.156521
0 0.788264 0.405797 0.196333 0.147260
0 0.598104 0.495656 0.242708 0.136812
0 0.409500 0.470729 0.177778 0.147250
0 0.329111 0.577979 0.205611 0.136812
0 0.516090 0.371760 0.169597 0.132583
0 0.107201 0.578182 0.125042 0.099177
