0 0.083681 0.773934 0.125935 0.104993
0 0.180431 0.739677 0.109731 0.086757
0 0.212051 0.659007 0.105935 0.075403
0 0.291509 0.707448 0.086481 0.087965
0 0.370963 0.675830 0.098370 0.096076
0 0.451231 0.653125 0.089185 0.083917
0 0.066653 0.583198 0.100528 0.072160
0 0.174375 0.570260 0.103509 0.082160
0 0.101009 0.514104 0.092463 0.070097
0 0.260806 0.518062 0.111556 0.087056
0 0.274120 0.606816 0.109037 0.088187
0 0.369347 0.578740 0.101509 0.084799
0 0.103523 0.445135 0.117583 0.069340
0 0.221861 0.438729 0.103019 0.058792
0 0.347236 0.471517 0.084417 0.045979
0 0.389949 0.517684 0.097491 0.051632
0 0.344977 0.426479 0.098991 0.048611
0 0.419597 0.458889 0.076380 0.055403
0 0.474620 0.506944 0.072870 0.067083
0 0.582167 0.532906 0.077296 0.065674
0 0.490278 0.455479 0.071889 0.047833
0 0.552171 0.430750 0.067028 0.047028
0 0.591361 0.398115 0.063241 0.045813
0 0.518662 0.632434 0.073509 0.072563
0 0.584606 0.621285 0.061620 0.057569
0 0.636491 0.601215 0.076759 0.062833
0 0.685412 0.586219 0.081620 0.058785
0 0.672708 0.531083 0.076750 0.051486
0 0.735139 0.565337 0.065407 0.072160
0 0.743245 0.512233 0.068639 0.056757
0 0.328481 0.917944 0.097093 0.096806
0 0.452032 0.916635 0.105824 0.086340
0 0.664542 0.881750 0.101750 0.080236
0 0.401736 0.974451 0.107565 0.051097
0 0.792741 0.818736 0.106981 0.099861
0 0.674718 0.763792 0.075583 0.065847
0 0.893329 0.647976 0.074417 0.044479
0 0.820069 0.588670 0.070935 0.043604
0 0.806699 0.648847 0.069769 0.037500
0 0.829370 0.684601 0.072093 0.044479
0 0.904958 0.689184 0.082565 0.042299
0 0.827222 0.514111 0.071981 0.049944
0 0.694361 0.414212 0.067278 0.043896
0 0.641556 0.448771 0.063907 0.038347
0 0.793255 0.471983 0.052472 0.039354
0 0.898199 0.537319 0.056509 0.038847
0 0.847741 0.444233 0.055167 0.034312
