0 0.581644 0.572773 0.120278 0.097135
0 0.677436 0.597178 0.115984 0.095684
0 0.789977 0.619404 0.136574 0.091829
0 0.935590 0.626416 0.128819 0.109707
0 0.714387 0.520820 0.148634 0.080221
0 0.831227 0.548128 0.136597 0.082637
0 0.461794 0.551995 0.128009 0.077806
0 0.575631 0.495693 0.120289 0.077324
0 0.382321 0.466937 0.099664 0.078770
0 0.468241 0.481436 0.089352 0.074902
0 0.781823 0.429723 0.108252 0.077806
0 0.686458 0.465729 0.109977 0.082161
0 0.559311 0.385023 0.123715 0.059928
0 0.497020 0.368594 0.083345 0.067656
0 0.449248 0.265020 0.111644 0.090990
0 0.363356 0.280322 0.088750 0.082936
0 0.281765 0.290788 0.083021 0.078099
0 0.286782 0.129749 0.115949 0.090983
0 0.606707 0.062660 0.154595 0.125319
0 0.588096 0.190137 0.137419 0.108698
0 0.475017 0.141826 0.163183 0.102259
0 0.817135 0.285150 0.251933 0.160234
0 0.932188 0.076348 0.135625 0.152695
0 0.296082 0.210267 0.108785 0.076497
0 0.092986 0.483633 0.083148 0.060625
0 0.335527 0.391543 0.095822 0.060169
0 0.249062 0.443434 0.080671 0.051139
0 0.287795 0.518766 0.077095 0.061921
0 0.370266 0.538825 0.087755 0.072949
0 0.226111 0.504105 0.079329 0.067689
0 0.170851 0.496204 0.094479 0.069440
0 0.765723 0.907171 0.220197 0.159368
0 0.573252 0.933154 0.186319 0.119525
0 0.236047 0.914102 0.170914 0.107396
0 0.082222 0.888551 0.164444 0.118652
0 0.204479 0.815798 0.181690 0.099603
