0 0.344457 0.607599 0.144946 0.123721
0 0.525258 0.465484 0.122228 0.146504
0 0.381413 0.499878 0.153533 0.152661
0 0.300639 0.370280 0.162147 0.150754
0 0.214470 0.497640 0.193777 0.160479
0 0.446495 0.361962 0.096304 0.125800
0 0.579524 0.352345 0.125408 0.127360
0 0.305836 0.246820 0.160068 0.129439
0 0.464164 0.229924 0.149660 0.139317
0 0.613825 0.221346 0.124715 0.139837
0 0.777357 0.189633 0.202351 0.134638
0 0.692120 0.320892 0.094239 0.122681
0 0.800211 0.315173 0.109470 0.128919
0 0.911420 0.298802 0.126807 0.106575
0 0.885102 0.405265 0.107323 0.125821
0 0.645856 0.455591 0.132663 0.128043
0 0.767711 0.428191 0.124470 0.124699
0 0.163770 0.625000 0.198410 0.133384
