0 0.699633 0.359335 0.247962 0.152936
0 0.141726 0.869132 0.281332 0.218677
0 0.411141 0.824862 0.267038 0.205260
0 0.344389 0.956369 0.228886 0.087263
0 0.586386 0.940268 0.264647 0.119465
0 0.866508 0.938926 0.266984 0.122148
0 0.124511 0.669908 0.249022 0.206606
0 0.463594 0.643077 0.281345 0.220023
0 0.676984 0.514958 0.269429 0.178433
0 0.890346 0.459281 0.219307 0.177095
0 0.624531 0.767844 0.250340 0.222706
0 0.883200 0.724916 0.233601 0.147569
0 0.347486 0.320291 0.231277 0.170382
0 0.099232 0.498054 0.198465 0.166353
0 0.345095 0.503417 0.255109 0.179771
0 0.927303 0.290914 0.145394 0.187821
0 0.536311 0.391533 0.207432 0.169044
0 0.093512 0.260726 0.187024 0.116713
0 0.123845 0.117852 0.154973 0.077813
0 0.718709 0.249323 0.209810 0.104641
0 0.513668 0.148035 0.209810 0.116713
