0 0.105773 0.811944 0.123843 0.108583
0 0.225250 0.823281 0.115111 0.085035
0 0.334264 0.806712 0.100583 0.097243
0 0.446472 0.810201 0.104074 0.083292
0 0.546185 0.815653 0.104648 0.079361
0 0.142981 0.890038 0.136630 0.106035
0 0.159491 0.962368 0.148222 0.075264
0 0.273315 0.892139 0.104444 0.092403
0 0.384634 0.883698 0.116954 0.099910
0 0.289579 0.965653 0.124454 0.068694
0 0.406213 0.960257 0.122574 0.079486
0 0.493454 0.894253 0.104444 0.099437
0 0.608213 0.895188 0.106315 0.117264
0 0.525347 0.966951 0.135713 0.065667
0 0.645741 0.960385 0.117574 0.073174
0 0.698412 0.897375 0.108639 0.092431
0 0.789486 0.832309 0.087565 0.068507
0 0.864352 0.775958 0.106481 0.082292
0 0.803542 0.907913 0.092972 0.079451
0 0.757759 0.968024 0.097833 0.063951
0 0.892079 0.879899 0.102694 0.084729
0 0.942074 0.964809 0.100000 0.065632
0 0.308051 0.731122 0.096750 0.068507
0 0.409667 0.735361 0.112963 0.079500
0 0.106708 0.581549 0.067269 0.054306
0 0.186829 0.578743 0.083620 0.057111
0 0.257602 0.581545 0.047648 0.053604
0 0.311088 0.582069 0.068676 0.043444
0 0.287028 0.538101 0.070074 0.038896
0 0.051819 0.674920 0.078954 0.057465
0 0.190565 0.683153 0.090167 0.068319
0 0.337486 0.666684 0.083157 0.042396
0 0.922370 0.568785 0.126981 0.064167
0 0.921023 0.623160 0.106269 0.047278
0 0.682931 0.811694 0.112287 0.089736
0 0.969519 0.676851 0.060963 0.072271
0 0.779995 0.754462 0.076546 0.072271
0 0.704352 0.754122 0.080148 0.058090
