0 0.324745 0.663201 0.152083 0.146028
0 0.248222 0.489924 0.177278 0.095903
0 0.427431 0.470670 0.146269 0.122785
0 0.613421 0.478302 0.157898 0.116243
0 0.784880 0.468128 0.154019 0.123507
0 0.525750 0.634500 0.125926 0.140944
0 0.717556 0.653757 0.153056 0.169278
0 0.221102 0.752924 0.144333 0.168556
0 0.430338 0.760188 0.138528 0.178722
0 0.618259 0.763823 0.144333 0.151118
0 0.250505 0.302365 0.142750 0.077368
0 0.421912 0.298851 0.147954 0.081271
0 0.607907 0.293771 0.167759 0.086750
0 0.788167 0.300413 0.180259 0.098465
