0 0.400866 0.845344 0.283417 0.211007
0 0.181528 0.745313 0.217778 0.248514
0 0.425861 0.555802 0.212537 0.133632
0 0.610301 0.603472 0.208398 0.189903
0 0.716995 0.465955 0.196139 0.177368
0 0.317981 0.282281 0.126648 0.112646
0 0.130806 0.330618 0.164759 0.098347
0 0.075769 0.444101 0.151537 0.098354
0 0.085412 0.556323 0.154676 0.117688
0 0.261384 0.528580 0.203991 0.193340
0 0.414370 0.427708 0.160278 0.112639
0 0.763171 0.665604 0.136731 0.199222
0 0.600653 0.779503 0.228639 0.151313
0 0.406750 0.684097 0.224167 0.121889
