0 0.461968 0.885000 0.257398 0.169153
0 0.461329 0.742604 0.238287 0.111819
0 0.277838 0.853462 0.194954 0.151951
0 0.161245 0.805681 0.178398 0.138569
0 0.084148 0.648472 0.154185 0.114681
0 0.213491 0.681441 0.152907 0.115632
0 0.631440 0.833872 0.160546 0.112771
0 0.632718 0.723969 0.183491 0.118507
0 0.484898 0.640344 0.214074 0.107993
0 0.348556 0.613108 0.168204 0.107035
0 0.246616 0.568670 0.216620 0.109910
0 0.522495 0.527576 0.177120 0.109903
0 0.641634 0.619802 0.124880 0.097479
0 0.667759 0.524233 0.133796 0.107035
0 0.762690 0.675229 0.109583 0.099389
0 0.765875 0.780830 0.098120 0.098437
0 0.876731 0.651337 0.098111 0.099396
