0 0.081377 0.836926 0.159705 0.264942
0 0.259557 0.817938 0.175246 0.263132
0 0.442041 0.820199 0.177525 0.229679
0 0.608902 0.812057 0.160770 0.222442
0 0.063869 0.634377 0.127738 0.192607
0 0.211934 0.651104 0.145525 0.159154
0 0.722434 0.649747 0.154672 0.219728
0 0.889680 0.581479 0.178295 0.198930
0 0.435582 0.515924 0.121951 0.194416
0 0.738967 0.415652 0.144246 0.167296
0 0.146820 0.495895 0.149984 0.154650
0 0.297213 0.536265 0.155721 0.159514
0 0.762668 0.914217 0.187779 0.157986
0 0.574303 0.520292 0.144344 0.200856
0 0.708266 0.254436 0.188713 0.130545
0 0.529037 0.294392 0.198189 0.084407
0 0.663221 0.157087 0.225689 0.100165
