0 0.203675 0.381249 0.180312 0.150571
0 0.213872 0.818084 0.202853 0.204526
0 0.413499 0.792717 0.179226 0.174730
0 0.589511 0.762115 0.183533 0.184393
0 0.749457 0.772559 0.149239 0.153761
0 0.163431 0.574098 0.185666 0.146544
0 0.343736 0.572085 0.168505 0.139297
0 0.499361 0.549541 0.166359 0.134475
0 0.661963 0.540280 0.160992 0.149776
0 0.055156 0.404602 0.110312 0.115138
0 0.371107 0.392120 0.165285 0.143323
0 0.514389 0.392120 0.127717 0.125607
0 0.642643 0.400576 0.128791 0.116748
0 0.763920 0.386081 0.120204 0.126412
0 0.875537 0.392523 0.115910 0.124801
0 0.954939 0.388899 0.090122 0.136881
0 0.798804 0.530214 0.134158 0.158634
0 0.933478 0.515724 0.133043 0.166677
0 0.901501 0.724439 0.196019 0.185087
