0 0.470378 0.536634 0.159541 0.230329
0 0.739736 0.534474 0.179230 0.261316
0 0.326892 0.766535 0.133649 0.202588
0 0.462351 0.739638 0.141405 0.210987
0 0.594703 0.725768 0.116027 0.237061
0 0.712804 0.729550 0.137797 0.185768
0 0.853439 0.711053 0.119662 0.180746
0 0.865872 0.550910 0.130014 0.178224
0 0.945385 0.698026 0.099446 0.158026
0 0.877784 0.380691 0.187000 0.163925
0 0.484628 0.364298 0.167311 0.144605
0 0.328709 0.491645 0.145554 0.187456
0 0.619824 0.370186 0.115514 0.168136
0 0.588230 0.522752 0.137270 0.168969
