0 0.084199 0.585531 0.122435 0.081785
0 0.096310 0.681896 0.122435 0.080778
0 0.184097 0.626625 0.113694 0.114528
0 0.299472 0.640247 0.104944 0.097382
0 0.408792 0.678594 0.112343 0.122604
0 0.235560 0.714944 0.126472 0.079167
0 0.548713 0.684420 0.129833 0.117007
0 0.598162 0.573649 0.137231 0.102424
0 0.434019 0.534066 0.106296 0.082799
0 0.487162 0.606187 0.117046 0.090819
0 0.332773 0.499479 0.093509 0.093347
0 0.229176 0.486361 0.102926 0.068111
0 0.165597 0.541104 0.114361 0.075681
0 0.268528 0.553465 0.133204 0.083250
0 0.572935 0.504524 0.121759 0.077201
0 0.737755 0.539844 0.109657 0.067104
0 0.769032 0.633687 0.118398 0.103431
0 0.743134 0.737875 0.116380 0.117056
0 0.892481 0.737146 0.158093 0.131736
0 0.058569 0.512375 0.117139 0.070056
