0 0.164986 0.862455 0.300843 0.247326
0 0.572852 0.874819 0.318185 0.250361
0 0.666866 0.608622 0.321083 0.199590
0 0.361690 0.529434 0.289269 0.141021
0 0.574657 0.307062 0.177167 0.138847
0 0.750704 0.329229 0.177852 0.133931
0 0.444130 0.166042 0.170667 0.138847
0 0.397681 0.292785 0.167213 0.124431
0 0.634819 0.213632 0.159398 0.113361
0 0.313014 0.429344 0.232583 0.101285
0 0.517838 0.446788 0.180065 0.136174
0 0.185468 0.265597 0.238583 0.145181
0 0.086356 0.509247 0.172713 0.123799
0 0.102866 0.656674 0.205731 0.153056
0 0.383282 0.695403 0.309713 0.212611
