0 0.595856 0.816267 0.213657 0.193271
0 0.802352 0.817920 0.210352 0.143715
0 0.103000 0.918687 0.206000 0.148681
0 0.243995 0.791076 0.221361 0.152806
0 0.430250 0.538674 0.142148 0.122611
0 0.629264 0.575101 0.165843 0.129715
0 0.673097 0.467597 0.172954 0.110167
0 0.136468 0.521795 0.130306 0.097729
0 0.410995 0.322104 0.135065 0.088875
0 0.556898 0.312549 0.146537 0.090792
0 0.739750 0.271931 0.142722 0.093653
0 0.907315 0.256160 0.146537 0.106083
0 0.832769 0.474535 0.160556 0.110861
0 0.817477 0.579181 0.203880 0.094611
0 0.287394 0.560545 0.160546 0.082188
0 0.453681 0.211243 0.118509 0.104167
0 0.576009 0.204556 0.146537 0.115639
0 0.848060 0.167760 0.231917 0.099396
0 0.101352 0.431052 0.101944 0.065938
0 0.210940 0.440132 0.096843 0.076458
